0.2044583 0.7937528 0.0017888
0.2317496 0.7681482 0.0001022
0.1774160 0.8224819 0.0001021
0.2766344 0.7232634 0.0001022
0.1544894 0.8454085 0.0001021
0.1584687 0.8414291 0.0001022
0.1426689 0.8572291 0.0001020
0.1399204 0.8599775 0.0001020
0.1275746 0.8723232 0.0001022
0.1426763 0.8572215 0.0001022
0.1190161 0.8808817 0.0001022
0.1153301 0.8845678 0.0001021
0.1420575 0.8578404 0.0001021
0.1424438 0.8574539 0.0001022
0.2760229 0.7238747 0.0001023
0.2579699 0.7419277 0.0001023
0.0001009 0.4472951 0.5526040
0.0001011 0.5431952 0.4567038
0.0001013 0.5681834 0.4317153
0.0000996 0.5083140 0.4915864
0.0000987 0.4610167 0.5388845
0.0000996 0.5757691 0.4241313
0.0000996 0.5111700 0.4887303
0.0001003 0.5070180 0.4928817
0.7324219 0.2674763 0.0001018
0.7322547 0.2544348 0.0133105
0.7271441 0.2727540 0.0001019
0.7472792 0.2402587 0.0124622
0.7834550 0.2164432 0.0001019
0.8463851 0.1535132 0.0001016
0.8145468 0.1853518 0.0001015
0.8183947 0.1815035 0.0001018
0.7962087 0.2036895 0.0001018
0.6615132 0.2654854 0.0730014
0.7264675 0.2002383 0.0732941
0.7500154 0.2498828 0.0001018
0.7596356 0.2262536 0.0141109
0.7795560 0.2079909 0.0124530
0.7661861 0.2321296 0.0016843
0.7748482 0.2110604 0.0140914
0.5635322 0.3222117 0.1142560
0.7042661 0.2166117 0.0791222
0.8131625 0.1536634 0.0331742
0.6367347 0.2367465 0.1265189
0.5781444 0.3224074 0.0994483
0.7248615 0.2492544 0.0258841
0.6981050 0.2182597 0.0836353
0.9581252 0.0078697 0.0340051
0.4351536 0.0774791 0.4873672
0.6546101 0.1461016 0.1992883
0.6055385 0.1242737 0.2701878
0.5353895 0.1476254 0.3169851
0.6699951 0.0917290 0.2382759
0.5933127 0.2100713 0.1966161
0.7304226 0.0757181 0.1938594
0.5700693 0.1181615 0.3117693
0.6240561 0.0473716 0.3285722
0.6133376 0.1078837 0.2787787
0.9103428 0.0606580 0.0289993
0.6830837 0.1045359 0.2123804
0.9508033 0.0424495 0.0067471
0.9783812 0.0001011 0.0215178
0.9768232 0.0001011 0.0230757
0.7726683 0.0992861 0.1280456
0.7923469 0.0507432 0.1569098
0.7378069 0.1475403 0.1146528
0.7435718 0.0302383 0.2261900
0.9449321 0.0208196 0.0342483
0.8086181 0.0001016 0.1912803
0.7508025 0.2030191 0.0461784
0.7372540 0.0251825 0.2375635
0.5698913 0.0479678 0.3821409
0.6026770 0.0314309 0.3658920
0.5879379 0.1941587 0.2179034
0.6695717 0.0969567 0.2334716
0.6544455 0.1189786 0.2265759
0.5829449 0.1069674 0.3100877
0.5217211 0.0374161 0.4408627
0.5478049 0.1466651 0.3055300
0.2621710 0.0001008 0.7377282
0.2378480 0.0001007 0.7620513
0.7182188 0.0189870 0.2627942
0.6248245 0.0671596 0.3080159
0.6803192 0.1004813 0.2191995
0.5256576 0.0001016 0.4742408
0.6127421 0.0329803 0.3542776
0.0001002 0.0001002 0.9997996
0.6161761 0.0387730 0.3450509
0.4514910 0.0001023 0.5484067
0.6070527 0.0000995 0.3928477
0.6077698 0.0000996 0.3921305
0.6605905 0.0591004 0.2803090
0.1644121 0.0363655 0.7992224
0.6547790 0.0234091 0.3218119
0.1169560 0.0001009 0.8829430
